(kicad_pcb (version 20171130) (host pcbnew "(5.1.5-0)")

  (general
    (thickness 1.6)
    (drawings 4)
    (tracks 461)
    (zones 0)
    (modules 57)
    (nets 33)
  )

  (page A4)
  (layers
    (0 F.Cu signal)
    (1 In1.Cu power)
    (2 In2.Cu power)
    (31 B.Cu signal)
    (32 B.Adhes user)
    (33 F.Adhes user)
    (34 B.Paste user)
    (35 F.Paste user)
    (36 B.SilkS user)
    (37 F.SilkS user)
    (38 B.Mask user)
    (39 F.Mask user)
    (40 Dwgs.User user hide)
    (41 Cmts.User user hide)
    (42 Eco1.User user hide)
    (43 Eco2.User user hide)
    (44 Edge.Cuts user)
    (45 Margin user hide)
    (46 B.CrtYd user)
    (47 F.CrtYd user)
    (48 B.Fab user hide)
    (49 F.Fab user hide)
  )

  (setup
    (last_trace_width 0.1524)
    (user_trace_width 0.1524)
    (user_trace_width 0.3048)
    (user_trace_width 0.6096)
    (user_trace_width 1.2192)
    (trace_clearance 0.2)
    (zone_clearance 0.1524)
    (zone_45_only no)
    (trace_min 0.1524)
    (via_size 0.8)
    (via_drill 0.4)
    (via_min_size 0.508)
    (via_min_drill 0.254)
    (user_via 0.508 0.254)
    (user_via 0.6858 0.3302)
    (uvia_size 0.3)
    (uvia_drill 0.1)
    (uvias_allowed no)
    (uvia_min_size 0.2)
    (uvia_min_drill 0.1)
    (edge_width 0.05)
    (segment_width 0.2)
    (pcb_text_width 0.3)
    (pcb_text_size 1.5 1.5)
    (mod_edge_width 0.12)
    (mod_text_size 1 1)
    (mod_text_width 0.15)
    (pad_size 1.524 1.524)
    (pad_drill 0.762)
    (pad_to_mask_clearance 0.0508)
    (solder_mask_min_width 0.1016)
    (aux_axis_origin 0 0)
    (visible_elements FFFFF77F)
    (pcbplotparams
      (layerselection 0x010fc_ffffffff)
      (usegerberextensions false)
      (usegerberattributes false)
      (usegerberadvancedattributes false)
      (creategerberjobfile false)
      (excludeedgelayer true)
      (linewidth 0.100000)
      (plotframeref false)
      (viasonmask false)
      (mode 1)
      (useauxorigin false)
      (hpglpennumber 1)
      (hpglpenspeed 20)
      (hpglpendiameter 15.000000)
      (psnegative false)
      (psa4output false)
      (plotreference true)
      (plotvalue true)
      (plotinvisibletext false)
      (padsonsilk false)
      (subtractmaskfromsilk false)
      (outputformat 1)
      (mirror false)
      (drillshape 1)
      (scaleselection 1)
      (outputdirectory ""))
  )

  (net 0 "")
  (net 1 /DVCC)
  (net 2 GND)
  (net 3 /Vio)
  (net 4 /CS1)
  (net 5 /SW12)
  (net 6 /SW10)
  (net 7 /SW11)
  (net 8 /SW8)
  (net 9 /SW7)
  (net 10 /SW9)
  (net 11 /SW6)
  (net 12 /SW4)
  (net 13 /SW5)
  (net 14 /SW3)
  (net 15 /SW1)
  (net 16 /SW2)
  (net 17 /CS2)
  (net 18 /CS3)
  (net 19 /CS4)
  (net 20 /CS5)
  (net 21 /CS6)
  (net 22 /CS7)
  (net 23 /CS8)
  (net 24 /ADDR1)
  (net 25 /SDA)
  (net 26 /SCL)
  (net 27 /ADDR2)
  (net 28 /~INT_B)
  (net 29 /~SDB)
  (net 30 /SYNC)
  (net 31 /IICRST)
  (net 32 "Net-(R6-Pad1)")

  (net_class Default "This is the default net class."
    (clearance 0.2)
    (trace_width 0.25)
    (via_dia 0.8)
    (via_drill 0.4)
    (uvia_dia 0.3)
    (uvia_drill 0.1)
    (add_net /ADDR1)
    (add_net /ADDR2)
    (add_net /CS1)
    (add_net /CS2)
    (add_net /CS3)
    (add_net /CS4)
    (add_net /CS5)
    (add_net /CS6)
    (add_net /CS7)
    (add_net /CS8)
    (add_net /DVCC)
    (add_net /IICRST)
    (add_net /SCL)
    (add_net /SDA)
    (add_net /SW1)
    (add_net /SW10)
    (add_net /SW11)
    (add_net /SW12)
    (add_net /SW2)
    (add_net /SW3)
    (add_net /SW4)
    (add_net /SW5)
    (add_net /SW6)
    (add_net /SW7)
    (add_net /SW8)
    (add_net /SW9)
    (add_net /SYNC)
    (add_net /Vio)
    (add_net /~INT_B)
    (add_net /~SDB)
    (add_net GND)
    (add_net "Net-(R6-Pad1)")
  )

  (module is31fl3736_dev:LED_RGB_4-PLCC (layer F.Cu) (tedit 5E0A41AA) (tstamp 5E0B0861)
    (at 187.4 133.8)
    (path /5E2B82C8)
    (fp_text reference D32 (at 0 2.7) (layer F.SilkS)
      (effects (font (size 0.5 0.5) (thickness 0.01)))
    )
    (fp_text value LED_RGBA (at 0 -2.8) (layer F.Fab)
      (effects (font (size 0.5 0.5) (thickness 0.01)))
    )
    (fp_line (start -1.75 -1.4) (end 1.75 -1.4) (layer F.SilkS) (width 0.15))
    (fp_line (start 2.3 1.4) (end -1.75 1.4) (layer F.SilkS) (width 0.15))
    (fp_line (start 2.3 0.3) (end 2.3 1.4) (layer F.SilkS) (width 0.15))
    (pad 1 smd rect (at 1.4 0.725) (size 1.2 0.9) (layers F.Cu F.Paste F.Mask)
      (net 16 /SW2))
    (pad 2 smd rect (at -1.4 0.725) (size 1.2 0.9) (layers F.Cu F.Paste F.Mask)
      (net 15 /SW1))
    (pad 3 smd rect (at -1.4 -0.725) (size 1.2 0.9) (layers F.Cu F.Paste F.Mask)
      (net 14 /SW3))
    (pad 4 smd rect (at 1.4 -0.725) (size 1.2 0.9) (layers F.Cu F.Paste F.Mask)
      (net 23 /CS8))
  )

  (module Resistor_SMD:R_0805_2012Metric (layer F.Cu) (tedit 5B36C52B) (tstamp 5E0AAF2D)
    (at 130.379291 138.725882 180)
    (descr "Resistor SMD 0805 (2012 Metric), square (rectangular) end terminal, IPC_7351 nominal, (Body size source: https://docs.google.com/spreadsheets/d/1BsfQQcO9C6DZCsRaXUlFlo91Tg2WpOkGARC1WS5S8t0/edit?usp=sharing), generated with kicad-footprint-generator")
    (tags resistor)
    (path /5F1BADF5)
    (attr smd)
    (fp_text reference R5 (at 2.75 0.05) (layer F.SilkS)
      (effects (font (size 0.5 0.5) (thickness 0.01)))
    )
    (fp_text value 1kΩ (at 0 1.65) (layer F.Fab)
      (effects (font (size 0.5 0.5) (thickness 0.01)))
    )
    (fp_text user %R (at 0 0) (layer F.Fab)
      (effects (font (size 0.5 0.5) (thickness 0.01)))
    )
    (fp_line (start 1.68 0.95) (end -1.68 0.95) (layer F.CrtYd) (width 0.05))
    (fp_line (start 1.68 -0.95) (end 1.68 0.95) (layer F.CrtYd) (width 0.05))
    (fp_line (start -1.68 -0.95) (end 1.68 -0.95) (layer F.CrtYd) (width 0.05))
    (fp_line (start -1.68 0.95) (end -1.68 -0.95) (layer F.CrtYd) (width 0.05))
    (fp_line (start -0.258578 0.71) (end 0.258578 0.71) (layer F.SilkS) (width 0.12))
    (fp_line (start -0.258578 -0.71) (end 0.258578 -0.71) (layer F.SilkS) (width 0.12))
    (fp_line (start 1 0.6) (end -1 0.6) (layer F.Fab) (width 0.1))
    (fp_line (start 1 -0.6) (end 1 0.6) (layer F.Fab) (width 0.1))
    (fp_line (start -1 -0.6) (end 1 -0.6) (layer F.Fab) (width 0.1))
    (fp_line (start -1 0.6) (end -1 -0.6) (layer F.Fab) (width 0.1))
    (pad 2 smd roundrect (at 0.9375 0 180) (size 0.975 1.4) (layers F.Cu F.Paste F.Mask) (roundrect_rratio 0.25)
      (net 3 /Vio))
    (pad 1 smd roundrect (at -0.9375 0 180) (size 0.975 1.4) (layers F.Cu F.Paste F.Mask) (roundrect_rratio 0.25)
      (net 25 /SDA))
    (model ${KISYS3DMOD}/Resistor_SMD.3dshapes/R_0805_2012Metric.wrl
      (at (xyz 0 0 0))
      (scale (xyz 1 1 1))
      (rotate (xyz 0 0 0))
    )
  )

  (module Resistor_SMD:R_0805_2012Metric (layer F.Cu) (tedit 5B36C52B) (tstamp 5E0AAF1C)
    (at 146.3 159.875 180)
    (descr "Resistor SMD 0805 (2012 Metric), square (rectangular) end terminal, IPC_7351 nominal, (Body size source: https://docs.google.com/spreadsheets/d/1BsfQQcO9C6DZCsRaXUlFlo91Tg2WpOkGARC1WS5S8t0/edit?usp=sharing), generated with kicad-footprint-generator")
    (tags resistor)
    (path /5F2523AA)
    (attr smd)
    (fp_text reference R4 (at -3 0) (layer F.SilkS)
      (effects (font (size 0.5 0.5) (thickness 0.01)))
    )
    (fp_text value 100kΩ (at 0 1.65) (layer F.Fab)
      (effects (font (size 0.5 0.5) (thickness 0.01)))
    )
    (fp_text user %R (at 0 0) (layer F.Fab)
      (effects (font (size 0.5 0.5) (thickness 0.01)))
    )
    (fp_line (start 1.68 0.95) (end -1.68 0.95) (layer F.CrtYd) (width 0.05))
    (fp_line (start 1.68 -0.95) (end 1.68 0.95) (layer F.CrtYd) (width 0.05))
    (fp_line (start -1.68 -0.95) (end 1.68 -0.95) (layer F.CrtYd) (width 0.05))
    (fp_line (start -1.68 0.95) (end -1.68 -0.95) (layer F.CrtYd) (width 0.05))
    (fp_line (start -0.258578 0.71) (end 0.258578 0.71) (layer F.SilkS) (width 0.12))
    (fp_line (start -0.258578 -0.71) (end 0.258578 -0.71) (layer F.SilkS) (width 0.12))
    (fp_line (start 1 0.6) (end -1 0.6) (layer F.Fab) (width 0.1))
    (fp_line (start 1 -0.6) (end 1 0.6) (layer F.Fab) (width 0.1))
    (fp_line (start -1 -0.6) (end 1 -0.6) (layer F.Fab) (width 0.1))
    (fp_line (start -1 0.6) (end -1 -0.6) (layer F.Fab) (width 0.1))
    (pad 2 smd roundrect (at 0.9375 0 180) (size 0.975 1.4) (layers F.Cu F.Paste F.Mask) (roundrect_rratio 0.25)
      (net 31 /IICRST))
    (pad 1 smd roundrect (at -0.9375 0 180) (size 0.975 1.4) (layers F.Cu F.Paste F.Mask) (roundrect_rratio 0.25)
      (net 2 GND))
    (model ${KISYS3DMOD}/Resistor_SMD.3dshapes/R_0805_2012Metric.wrl
      (at (xyz 0 0 0))
      (scale (xyz 1 1 1))
      (rotate (xyz 0 0 0))
    )
  )

  (module Resistor_SMD:R_0805_2012Metric (layer F.Cu) (tedit 5B36C52B) (tstamp 5E0AAF0B)
    (at 130.379287 136.100882 180)
    (descr "Resistor SMD 0805 (2012 Metric), square (rectangular) end terminal, IPC_7351 nominal, (Body size source: https://docs.google.com/spreadsheets/d/1BsfQQcO9C6DZCsRaXUlFlo91Tg2WpOkGARC1WS5S8t0/edit?usp=sharing), generated with kicad-footprint-generator")
    (tags resistor)
    (path /5F1B9EE1)
    (attr smd)
    (fp_text reference R3 (at 2.75 0) (layer F.SilkS)
      (effects (font (size 0.5 0.5) (thickness 0.01)))
    )
    (fp_text value 1kΩ (at 0 1.65) (layer F.Fab)
      (effects (font (size 0.5 0.5) (thickness 0.01)))
    )
    (fp_text user %R (at 0 0) (layer F.Fab)
      (effects (font (size 0.5 0.5) (thickness 0.01)))
    )
    (fp_line (start 1.68 0.95) (end -1.68 0.95) (layer F.CrtYd) (width 0.05))
    (fp_line (start 1.68 -0.95) (end 1.68 0.95) (layer F.CrtYd) (width 0.05))
    (fp_line (start -1.68 -0.95) (end 1.68 -0.95) (layer F.CrtYd) (width 0.05))
    (fp_line (start -1.68 0.95) (end -1.68 -0.95) (layer F.CrtYd) (width 0.05))
    (fp_line (start -0.258578 0.71) (end 0.258578 0.71) (layer F.SilkS) (width 0.12))
    (fp_line (start -0.258578 -0.71) (end 0.258578 -0.71) (layer F.SilkS) (width 0.12))
    (fp_line (start 1 0.6) (end -1 0.6) (layer F.Fab) (width 0.1))
    (fp_line (start 1 -0.6) (end 1 0.6) (layer F.Fab) (width 0.1))
    (fp_line (start -1 -0.6) (end 1 -0.6) (layer F.Fab) (width 0.1))
    (fp_line (start -1 0.6) (end -1 -0.6) (layer F.Fab) (width 0.1))
    (pad 2 smd roundrect (at 0.9375 0 180) (size 0.975 1.4) (layers F.Cu F.Paste F.Mask) (roundrect_rratio 0.25)
      (net 3 /Vio))
    (pad 1 smd roundrect (at -0.9375 0 180) (size 0.975 1.4) (layers F.Cu F.Paste F.Mask) (roundrect_rratio 0.25)
      (net 26 /SCL))
    (model ${KISYS3DMOD}/Resistor_SMD.3dshapes/R_0805_2012Metric.wrl
      (at (xyz 0 0 0))
      (scale (xyz 1 1 1))
      (rotate (xyz 0 0 0))
    )
  )

  (module Resistor_SMD:R_0805_2012Metric (layer F.Cu) (tedit 5B36C52B) (tstamp 5E0AAEFA)
    (at 146.3 157.275 180)
    (descr "Resistor SMD 0805 (2012 Metric), square (rectangular) end terminal, IPC_7351 nominal, (Body size source: https://docs.google.com/spreadsheets/d/1BsfQQcO9C6DZCsRaXUlFlo91Tg2WpOkGARC1WS5S8t0/edit?usp=sharing), generated with kicad-footprint-generator")
    (tags resistor)
    (path /5F35815A)
    (attr smd)
    (fp_text reference R2 (at -2.95 0.025) (layer F.SilkS)
      (effects (font (size 0.5 0.5) (thickness 0.01)))
    )
    (fp_text value 100kΩ (at 0 1.65) (layer F.Fab)
      (effects (font (size 0.5 0.5) (thickness 0.01)))
    )
    (fp_text user %R (at 0 0) (layer F.Fab)
      (effects (font (size 0.5 0.5) (thickness 0.01)))
    )
    (fp_line (start 1.68 0.95) (end -1.68 0.95) (layer F.CrtYd) (width 0.05))
    (fp_line (start 1.68 -0.95) (end 1.68 0.95) (layer F.CrtYd) (width 0.05))
    (fp_line (start -1.68 -0.95) (end 1.68 -0.95) (layer F.CrtYd) (width 0.05))
    (fp_line (start -1.68 0.95) (end -1.68 -0.95) (layer F.CrtYd) (width 0.05))
    (fp_line (start -0.258578 0.71) (end 0.258578 0.71) (layer F.SilkS) (width 0.12))
    (fp_line (start -0.258578 -0.71) (end 0.258578 -0.71) (layer F.SilkS) (width 0.12))
    (fp_line (start 1 0.6) (end -1 0.6) (layer F.Fab) (width 0.1))
    (fp_line (start 1 -0.6) (end 1 0.6) (layer F.Fab) (width 0.1))
    (fp_line (start -1 -0.6) (end 1 -0.6) (layer F.Fab) (width 0.1))
    (fp_line (start -1 0.6) (end -1 -0.6) (layer F.Fab) (width 0.1))
    (pad 2 smd roundrect (at 0.9375 0 180) (size 0.975 1.4) (layers F.Cu F.Paste F.Mask) (roundrect_rratio 0.25)
      (net 31 /IICRST))
    (pad 1 smd roundrect (at -0.9375 0 180) (size 0.975 1.4) (layers F.Cu F.Paste F.Mask) (roundrect_rratio 0.25)
      (net 2 GND))
    (model ${KISYS3DMOD}/Resistor_SMD.3dshapes/R_0805_2012Metric.wrl
      (at (xyz 0 0 0))
      (scale (xyz 1 1 1))
      (rotate (xyz 0 0 0))
    )
  )

  (module Resistor_SMD:R_0805_2012Metric (layer F.Cu) (tedit 5B36C52B) (tstamp 5E0AAEE9)
    (at 130.379289 133.575881 180)
    (descr "Resistor SMD 0805 (2012 Metric), square (rectangular) end terminal, IPC_7351 nominal, (Body size source: https://docs.google.com/spreadsheets/d/1BsfQQcO9C6DZCsRaXUlFlo91Tg2WpOkGARC1WS5S8t0/edit?usp=sharing), generated with kicad-footprint-generator")
    (tags resistor)
    (path /5F19B592)
    (attr smd)
    (fp_text reference R1 (at 2.725 -0.05) (layer F.SilkS)
      (effects (font (size 0.5 0.5) (thickness 0.01)))
    )
    (fp_text value 100kΩ (at 0 1.65) (layer F.Fab)
      (effects (font (size 0.5 0.5) (thickness 0.01)))
    )
    (fp_text user %R (at 0 0) (layer F.Fab)
      (effects (font (size 0.5 0.5) (thickness 0.01)))
    )
    (fp_line (start 1.68 0.95) (end -1.68 0.95) (layer F.CrtYd) (width 0.05))
    (fp_line (start 1.68 -0.95) (end 1.68 0.95) (layer F.CrtYd) (width 0.05))
    (fp_line (start -1.68 -0.95) (end 1.68 -0.95) (layer F.CrtYd) (width 0.05))
    (fp_line (start -1.68 0.95) (end -1.68 -0.95) (layer F.CrtYd) (width 0.05))
    (fp_line (start -0.258578 0.71) (end 0.258578 0.71) (layer F.SilkS) (width 0.12))
    (fp_line (start -0.258578 -0.71) (end 0.258578 -0.71) (layer F.SilkS) (width 0.12))
    (fp_line (start 1 0.6) (end -1 0.6) (layer F.Fab) (width 0.1))
    (fp_line (start 1 -0.6) (end 1 0.6) (layer F.Fab) (width 0.1))
    (fp_line (start -1 -0.6) (end 1 -0.6) (layer F.Fab) (width 0.1))
    (fp_line (start -1 0.6) (end -1 -0.6) (layer F.Fab) (width 0.1))
    (pad 2 smd roundrect (at 0.9375 0 180) (size 0.975 1.4) (layers F.Cu F.Paste F.Mask) (roundrect_rratio 0.25)
      (net 3 /Vio))
    (pad 1 smd roundrect (at -0.9375 0 180) (size 0.975 1.4) (layers F.Cu F.Paste F.Mask) (roundrect_rratio 0.25)
      (net 28 /~INT_B))
    (model ${KISYS3DMOD}/Resistor_SMD.3dshapes/R_0805_2012Metric.wrl
      (at (xyz 0 0 0))
      (scale (xyz 1 1 1))
      (rotate (xyz 0 0 0))
    )
  )

  (module Capacitor_Tantalum_SMD:CP_EIA-2012-15_AVX-P (layer F.Cu) (tedit 5B301BBE) (tstamp 5E0AABA9)
    (at 177.675 160.175)
    (descr "Tantalum Capacitor SMD AVX-P (2012-15 Metric), IPC_7351 nominal, (Body size from: https://www.vishay.com/docs/40182/tmch.pdf), generated with kicad-footprint-generator")
    (tags "capacitor tantalum")
    (path /5E8D5A2B)
    (attr smd)
    (fp_text reference C1 (at -2.75 -0.025) (layer F.SilkS)
      (effects (font (size 0.5 0.5) (thickness 0.01)))
    )
    (fp_text value "22μF 10V" (at 0 1.58) (layer F.Fab)
      (effects (font (size 0.5 0.5) (thickness 0.01)))
    )
    (fp_line (start 1 -0.625) (end -0.6875 -0.625) (layer F.Fab) (width 0.1))
    (fp_line (start -0.6875 -0.625) (end -1 -0.3125) (layer F.Fab) (width 0.1))
    (fp_line (start -1 -0.3125) (end -1 0.625) (layer F.Fab) (width 0.1))
    (fp_line (start -1 0.625) (end 1 0.625) (layer F.Fab) (width 0.1))
    (fp_line (start 1 0.625) (end 1 -0.625) (layer F.Fab) (width 0.1))
    (fp_line (start 1 -0.785) (end -1.71 -0.785) (layer F.SilkS) (width 0.12))
    (fp_line (start -1.71 -0.785) (end -1.71 0.785) (layer F.SilkS) (width 0.12))
    (fp_line (start -1.71 0.785) (end 1 0.785) (layer F.SilkS) (width 0.12))
    (fp_line (start -1.7 0.88) (end -1.7 -0.88) (layer F.CrtYd) (width 0.05))
    (fp_line (start -1.7 -0.88) (end 1.7 -0.88) (layer F.CrtYd) (width 0.05))
    (fp_line (start 1.7 -0.88) (end 1.7 0.88) (layer F.CrtYd) (width 0.05))
    (fp_line (start 1.7 0.88) (end -1.7 0.88) (layer F.CrtYd) (width 0.05))
    (fp_text user %R (at 0 0) (layer F.Fab)
      (effects (font (size 0.5 0.5) (thickness 0.01)))
    )
    (pad 1 smd roundrect (at -0.8875 0) (size 1.125 1.05) (layers F.Cu F.Paste F.Mask) (roundrect_rratio 0.238095)
      (net 1 /DVCC))
    (pad 2 smd roundrect (at 0.8875 0) (size 1.125 1.05) (layers F.Cu F.Paste F.Mask) (roundrect_rratio 0.238095)
      (net 2 GND))
    (model ${KISYS3DMOD}/Capacitor_Tantalum_SMD.3dshapes/CP_EIA-2012-15_AVX-P.wrl
      (at (xyz 0 0 0))
      (scale (xyz 1 1 1))
      (rotate (xyz 0 0 0))
    )
  )

  (module Capacitor_SMD:C_0805_2012Metric (layer F.Cu) (tedit 5B36C52B) (tstamp 5E0AABBA)
    (at 175.85 153.62 180)
    (descr "Capacitor SMD 0805 (2012 Metric), square (rectangular) end terminal, IPC_7351 nominal, (Body size source: https://docs.google.com/spreadsheets/d/1BsfQQcO9C6DZCsRaXUlFlo91Tg2WpOkGARC1WS5S8t0/edit?usp=sharing), generated with kicad-footprint-generator")
    (tags capacitor)
    (path /5E5B2769)
    (attr smd)
    (fp_text reference C2 (at -2.8 0.025) (layer F.SilkS)
      (effects (font (size 0.5 0.5) (thickness 0.01)))
    )
    (fp_text value 0.47μF (at 0 1.65) (layer F.Fab)
      (effects (font (size 0.5 0.5) (thickness 0.01)))
    )
    (fp_line (start -1 0.6) (end -1 -0.6) (layer F.Fab) (width 0.1))
    (fp_line (start -1 -0.6) (end 1 -0.6) (layer F.Fab) (width 0.1))
    (fp_line (start 1 -0.6) (end 1 0.6) (layer F.Fab) (width 0.1))
    (fp_line (start 1 0.6) (end -1 0.6) (layer F.Fab) (width 0.1))
    (fp_line (start -0.258578 -0.71) (end 0.258578 -0.71) (layer F.SilkS) (width 0.12))
    (fp_line (start -0.258578 0.71) (end 0.258578 0.71) (layer F.SilkS) (width 0.12))
    (fp_line (start -1.68 0.95) (end -1.68 -0.95) (layer F.CrtYd) (width 0.05))
    (fp_line (start -1.68 -0.95) (end 1.68 -0.95) (layer F.CrtYd) (width 0.05))
    (fp_line (start 1.68 -0.95) (end 1.68 0.95) (layer F.CrtYd) (width 0.05))
    (fp_line (start 1.68 0.95) (end -1.68 0.95) (layer F.CrtYd) (width 0.05))
    (fp_text user %R (at 0 0) (layer F.Fab)
      (effects (font (size 0.5 0.5) (thickness 0.01)))
    )
    (pad 1 smd roundrect (at -0.9375 0 180) (size 0.975 1.4) (layers F.Cu F.Paste F.Mask) (roundrect_rratio 0.25)
      (net 1 /DVCC))
    (pad 2 smd roundrect (at 0.9375 0 180) (size 0.975 1.4) (layers F.Cu F.Paste F.Mask) (roundrect_rratio 0.25)
      (net 2 GND))
    (model ${KISYS3DMOD}/Capacitor_SMD.3dshapes/C_0805_2012Metric.wrl
      (at (xyz 0 0 0))
      (scale (xyz 1 1 1))
      (rotate (xyz 0 0 0))
    )
  )

  (module Capacitor_SMD:C_0805_2012Metric (layer F.Cu) (tedit 5B36C52B) (tstamp 5E0B21F8)
    (at 175.85 155.81 180)
    (descr "Capacitor SMD 0805 (2012 Metric), square (rectangular) end terminal, IPC_7351 nominal, (Body size source: https://docs.google.com/spreadsheets/d/1BsfQQcO9C6DZCsRaXUlFlo91Tg2WpOkGARC1WS5S8t0/edit?usp=sharing), generated with kicad-footprint-generator")
    (tags capacitor)
    (path /5E6321C1)
    (attr smd)
    (fp_text reference C3 (at -2.725 0) (layer F.SilkS)
      (effects (font (size 0.5 0.5) (thickness 0.01)))
    )
    (fp_text value 0.47μF (at 0 1.65) (layer F.Fab)
      (effects (font (size 0.5 0.5) (thickness 0.01)))
    )
    (fp_text user %R (at 0 0) (layer F.Fab)
      (effects (font (size 0.5 0.5) (thickness 0.01)))
    )
    (fp_line (start 1.68 0.95) (end -1.68 0.95) (layer F.CrtYd) (width 0.05))
    (fp_line (start 1.68 -0.95) (end 1.68 0.95) (layer F.CrtYd) (width 0.05))
    (fp_line (start -1.68 -0.95) (end 1.68 -0.95) (layer F.CrtYd) (width 0.05))
    (fp_line (start -1.68 0.95) (end -1.68 -0.95) (layer F.CrtYd) (width 0.05))
    (fp_line (start -0.258578 0.71) (end 0.258578 0.71) (layer F.SilkS) (width 0.12))
    (fp_line (start -0.258578 -0.71) (end 0.258578 -0.71) (layer F.SilkS) (width 0.12))
    (fp_line (start 1 0.6) (end -1 0.6) (layer F.Fab) (width 0.1))
    (fp_line (start 1 -0.6) (end 1 0.6) (layer F.Fab) (width 0.1))
    (fp_line (start -1 -0.6) (end 1 -0.6) (layer F.Fab) (width 0.1))
    (fp_line (start -1 0.6) (end -1 -0.6) (layer F.Fab) (width 0.1))
    (pad 2 smd roundrect (at 0.9375 0 180) (size 0.975 1.4) (layers F.Cu F.Paste F.Mask) (roundrect_rratio 0.25)
      (net 2 GND))
    (pad 1 smd roundrect (at -0.9375 0 180) (size 0.975 1.4) (layers F.Cu F.Paste F.Mask) (roundrect_rratio 0.25)
      (net 1 /DVCC))
    (model ${KISYS3DMOD}/Capacitor_SMD.3dshapes/C_0805_2012Metric.wrl
      (at (xyz 0 0 0))
      (scale (xyz 1 1 1))
      (rotate (xyz 0 0 0))
    )
  )

  (module Capacitor_SMD:C_0805_2012Metric (layer F.Cu) (tedit 5B36C52B) (tstamp 5E0AABDC)
    (at 175.85 158 180)
    (descr "Capacitor SMD 0805 (2012 Metric), square (rectangular) end terminal, IPC_7351 nominal, (Body size source: https://docs.google.com/spreadsheets/d/1BsfQQcO9C6DZCsRaXUlFlo91Tg2WpOkGARC1WS5S8t0/edit?usp=sharing), generated with kicad-footprint-generator")
    (tags capacitor)
    (path /5E550EC4)
    (attr smd)
    (fp_text reference C4 (at -2.675 0) (layer F.SilkS)
      (effects (font (size 0.5 0.5) (thickness 0.01)))
    )
    (fp_text value 0.47μF (at 0 1.65) (layer F.Fab)
      (effects (font (size 0.5 0.5) (thickness 0.01)))
    )
    (fp_line (start -1 0.6) (end -1 -0.6) (layer F.Fab) (width 0.1))
    (fp_line (start -1 -0.6) (end 1 -0.6) (layer F.Fab) (width 0.1))
    (fp_line (start 1 -0.6) (end 1 0.6) (layer F.Fab) (width 0.1))
    (fp_line (start 1 0.6) (end -1 0.6) (layer F.Fab) (width 0.1))
    (fp_line (start -0.258578 -0.71) (end 0.258578 -0.71) (layer F.SilkS) (width 0.12))
    (fp_line (start -0.258578 0.71) (end 0.258578 0.71) (layer F.SilkS) (width 0.12))
    (fp_line (start -1.68 0.95) (end -1.68 -0.95) (layer F.CrtYd) (width 0.05))
    (fp_line (start -1.68 -0.95) (end 1.68 -0.95) (layer F.CrtYd) (width 0.05))
    (fp_line (start 1.68 -0.95) (end 1.68 0.95) (layer F.CrtYd) (width 0.05))
    (fp_line (start 1.68 0.95) (end -1.68 0.95) (layer F.CrtYd) (width 0.05))
    (fp_text user %R (at 0 0) (layer F.Fab)
      (effects (font (size 0.5 0.5) (thickness 0.01)))
    )
    (pad 1 smd roundrect (at -0.9375 0 180) (size 0.975 1.4) (layers F.Cu F.Paste F.Mask) (roundrect_rratio 0.25)
      (net 1 /DVCC))
    (pad 2 smd roundrect (at 0.9375 0 180) (size 0.975 1.4) (layers F.Cu F.Paste F.Mask) (roundrect_rratio 0.25)
      (net 2 GND))
    (model ${KISYS3DMOD}/Capacitor_SMD.3dshapes/C_0805_2012Metric.wrl
      (at (xyz 0 0 0))
      (scale (xyz 1 1 1))
      (rotate (xyz 0 0 0))
    )
  )

  (module Capacitor_SMD:C_0805_2012Metric (layer F.Cu) (tedit 5B36C52B) (tstamp 5E0AABED)
    (at 181.525 157.935)
    (descr "Capacitor SMD 0805 (2012 Metric), square (rectangular) end terminal, IPC_7351 nominal, (Body size source: https://docs.google.com/spreadsheets/d/1BsfQQcO9C6DZCsRaXUlFlo91Tg2WpOkGARC1WS5S8t0/edit?usp=sharing), generated with kicad-footprint-generator")
    (tags capacitor)
    (path /5E5B2773)
    (attr smd)
    (fp_text reference C5 (at 2.85 0) (layer F.SilkS)
      (effects (font (size 0.5 0.5) (thickness 0.01)))
    )
    (fp_text value 0.1μF (at 0 1.65) (layer F.Fab)
      (effects (font (size 0.5 0.5) (thickness 0.01)))
    )
    (fp_line (start -1 0.6) (end -1 -0.6) (layer F.Fab) (width 0.1))
    (fp_line (start -1 -0.6) (end 1 -0.6) (layer F.Fab) (width 0.1))
    (fp_line (start 1 -0.6) (end 1 0.6) (layer F.Fab) (width 0.1))
    (fp_line (start 1 0.6) (end -1 0.6) (layer F.Fab) (width 0.1))
    (fp_line (start -0.258578 -0.71) (end 0.258578 -0.71) (layer F.SilkS) (width 0.12))
    (fp_line (start -0.258578 0.71) (end 0.258578 0.71) (layer F.SilkS) (width 0.12))
    (fp_line (start -1.68 0.95) (end -1.68 -0.95) (layer F.CrtYd) (width 0.05))
    (fp_line (start -1.68 -0.95) (end 1.68 -0.95) (layer F.CrtYd) (width 0.05))
    (fp_line (start 1.68 -0.95) (end 1.68 0.95) (layer F.CrtYd) (width 0.05))
    (fp_line (start 1.68 0.95) (end -1.68 0.95) (layer F.CrtYd) (width 0.05))
    (fp_text user %R (at 0 0) (layer F.Fab)
      (effects (font (size 0.5 0.5) (thickness 0.01)))
    )
    (pad 1 smd roundrect (at -0.9375 0) (size 0.975 1.4) (layers F.Cu F.Paste F.Mask) (roundrect_rratio 0.25)
      (net 1 /DVCC))
    (pad 2 smd roundrect (at 0.9375 0) (size 0.975 1.4) (layers F.Cu F.Paste F.Mask) (roundrect_rratio 0.25)
      (net 2 GND))
    (model ${KISYS3DMOD}/Capacitor_SMD.3dshapes/C_0805_2012Metric.wrl
      (at (xyz 0 0 0))
      (scale (xyz 1 1 1))
      (rotate (xyz 0 0 0))
    )
  )

  (module Capacitor_SMD:C_0805_2012Metric (layer F.Cu) (tedit 5B36C52B) (tstamp 5E0AABFE)
    (at 181.475 153.625)
    (descr "Capacitor SMD 0805 (2012 Metric), square (rectangular) end terminal, IPC_7351 nominal, (Body size source: https://docs.google.com/spreadsheets/d/1BsfQQcO9C6DZCsRaXUlFlo91Tg2WpOkGARC1WS5S8t0/edit?usp=sharing), generated with kicad-footprint-generator")
    (tags capacitor)
    (path /5E6321CB)
    (attr smd)
    (fp_text reference C6 (at 0 -1.65) (layer F.SilkS)
      (effects (font (size 0.5 0.5) (thickness 0.01)))
    )
    (fp_text value 0.1μF (at 0 1.65) (layer F.Fab)
      (effects (font (size 0.5 0.5) (thickness 0.01)))
    )
    (fp_line (start -1 0.6) (end -1 -0.6) (layer F.Fab) (width 0.1))
    (fp_line (start -1 -0.6) (end 1 -0.6) (layer F.Fab) (width 0.1))
    (fp_line (start 1 -0.6) (end 1 0.6) (layer F.Fab) (width 0.1))
    (fp_line (start 1 0.6) (end -1 0.6) (layer F.Fab) (width 0.1))
    (fp_line (start -0.258578 -0.71) (end 0.258578 -0.71) (layer F.SilkS) (width 0.12))
    (fp_line (start -0.258578 0.71) (end 0.258578 0.71) (layer F.SilkS) (width 0.12))
    (fp_line (start -1.68 0.95) (end -1.68 -0.95) (layer F.CrtYd) (width 0.05))
    (fp_line (start -1.68 -0.95) (end 1.68 -0.95) (layer F.CrtYd) (width 0.05))
    (fp_line (start 1.68 -0.95) (end 1.68 0.95) (layer F.CrtYd) (width 0.05))
    (fp_line (start 1.68 0.95) (end -1.68 0.95) (layer F.CrtYd) (width 0.05))
    (fp_text user %R (at 0 0) (layer F.Fab)
      (effects (font (size 0.5 0.5) (thickness 0.01)))
    )
    (pad 1 smd roundrect (at -0.9375 0) (size 0.975 1.4) (layers F.Cu F.Paste F.Mask) (roundrect_rratio 0.25)
      (net 1 /DVCC))
    (pad 2 smd roundrect (at 0.9375 0) (size 0.975 1.4) (layers F.Cu F.Paste F.Mask) (roundrect_rratio 0.25)
      (net 2 GND))
    (model ${KISYS3DMOD}/Capacitor_SMD.3dshapes/C_0805_2012Metric.wrl
      (at (xyz 0 0 0))
      (scale (xyz 1 1 1))
      (rotate (xyz 0 0 0))
    )
  )

  (module Capacitor_SMD:C_0805_2012Metric (layer F.Cu) (tedit 5B36C52B) (tstamp 5E0AAC0F)
    (at 181.525 155.745)
    (descr "Capacitor SMD 0805 (2012 Metric), square (rectangular) end terminal, IPC_7351 nominal, (Body size source: https://docs.google.com/spreadsheets/d/1BsfQQcO9C6DZCsRaXUlFlo91Tg2WpOkGARC1WS5S8t0/edit?usp=sharing), generated with kicad-footprint-generator")
    (tags capacitor)
    (path /5E550ECE)
    (attr smd)
    (fp_text reference C7 (at 2.775 -0.025) (layer F.SilkS)
      (effects (font (size 0.5 0.5) (thickness 0.01)))
    )
    (fp_text value 0.1μF (at 0 1.65) (layer F.Fab)
      (effects (font (size 0.5 0.5) (thickness 0.01)))
    )
    (fp_text user %R (at 0 0) (layer F.Fab)
      (effects (font (size 0.5 0.5) (thickness 0.01)))
    )
    (fp_line (start 1.68 0.95) (end -1.68 0.95) (layer F.CrtYd) (width 0.05))
    (fp_line (start 1.68 -0.95) (end 1.68 0.95) (layer F.CrtYd) (width 0.05))
    (fp_line (start -1.68 -0.95) (end 1.68 -0.95) (layer F.CrtYd) (width 0.05))
    (fp_line (start -1.68 0.95) (end -1.68 -0.95) (layer F.CrtYd) (width 0.05))
    (fp_line (start -0.258578 0.71) (end 0.258578 0.71) (layer F.SilkS) (width 0.12))
    (fp_line (start -0.258578 -0.71) (end 0.258578 -0.71) (layer F.SilkS) (width 0.12))
    (fp_line (start 1 0.6) (end -1 0.6) (layer F.Fab) (width 0.1))
    (fp_line (start 1 -0.6) (end 1 0.6) (layer F.Fab) (width 0.1))
    (fp_line (start -1 -0.6) (end 1 -0.6) (layer F.Fab) (width 0.1))
    (fp_line (start -1 0.6) (end -1 -0.6) (layer F.Fab) (width 0.1))
    (pad 2 smd roundrect (at 0.9375 0) (size 0.975 1.4) (layers F.Cu F.Paste F.Mask) (roundrect_rratio 0.25)
      (net 2 GND))
    (pad 1 smd roundrect (at -0.9375 0) (size 0.975 1.4) (layers F.Cu F.Paste F.Mask) (roundrect_rratio 0.25)
      (net 1 /DVCC))
    (model ${KISYS3DMOD}/Capacitor_SMD.3dshapes/C_0805_2012Metric.wrl
      (at (xyz 0 0 0))
      (scale (xyz 1 1 1))
      (rotate (xyz 0 0 0))
    )
  )

  (module Capacitor_SMD:C_0805_2012Metric (layer F.Cu) (tedit 5B36C52B) (tstamp 5E0AAC20)
    (at 180.025 149.625)
    (descr "Capacitor SMD 0805 (2012 Metric), square (rectangular) end terminal, IPC_7351 nominal, (Body size source: https://docs.google.com/spreadsheets/d/1BsfQQcO9C6DZCsRaXUlFlo91Tg2WpOkGARC1WS5S8t0/edit?usp=sharing), generated with kicad-footprint-generator")
    (tags capacitor)
    (path /5F399C86)
    (attr smd)
    (fp_text reference C8 (at 0 -1.65) (layer F.SilkS)
      (effects (font (size 0.5 0.5) (thickness 0.01)))
    )
    (fp_text value 0.47μF (at 0 1.65) (layer F.Fab)
      (effects (font (size 0.5 0.5) (thickness 0.01)))
    )
    (fp_text user %R (at 0 0) (layer F.Fab)
      (effects (font (size 0.5 0.5) (thickness 0.01)))
    )
    (fp_line (start 1.68 0.95) (end -1.68 0.95) (layer F.CrtYd) (width 0.05))
    (fp_line (start 1.68 -0.95) (end 1.68 0.95) (layer F.CrtYd) (width 0.05))
    (fp_line (start -1.68 -0.95) (end 1.68 -0.95) (layer F.CrtYd) (width 0.05))
    (fp_line (start -1.68 0.95) (end -1.68 -0.95) (layer F.CrtYd) (width 0.05))
    (fp_line (start -0.258578 0.71) (end 0.258578 0.71) (layer F.SilkS) (width 0.12))
    (fp_line (start -0.258578 -0.71) (end 0.258578 -0.71) (layer F.SilkS) (width 0.12))
    (fp_line (start 1 0.6) (end -1 0.6) (layer F.Fab) (width 0.1))
    (fp_line (start 1 -0.6) (end 1 0.6) (layer F.Fab) (width 0.1))
    (fp_line (start -1 -0.6) (end 1 -0.6) (layer F.Fab) (width 0.1))
    (fp_line (start -1 0.6) (end -1 -0.6) (layer F.Fab) (width 0.1))
    (pad 2 smd roundrect (at 0.9375 0) (size 0.975 1.4) (layers F.Cu F.Paste F.Mask) (roundrect_rratio 0.25)
      (net 2 GND))
    (pad 1 smd roundrect (at -0.9375 0) (size 0.975 1.4) (layers F.Cu F.Paste F.Mask) (roundrect_rratio 0.25)
      (net 3 /Vio))
    (model ${KISYS3DMOD}/Capacitor_SMD.3dshapes/C_0805_2012Metric.wrl
      (at (xyz 0 0 0))
      (scale (xyz 1 1 1))
      (rotate (xyz 0 0 0))
    )
  )

  (module is31fl3736_dev:LED_RGB_4-PLCC (layer F.Cu) (tedit 5E0A41AA) (tstamp 5E0E117E)
    (at 137.4 117.3)
    (path /5E0A59CC)
    (fp_text reference D1 (at 0 2.7) (layer F.SilkS)
      (effects (font (size 0.5 0.5) (thickness 0.01)))
    )
    (fp_text value LED_RGBA (at 0 -2.8) (layer F.Fab)
      (effects (font (size 0.5 0.5) (thickness 0.01)))
    )
    (fp_line (start 2.3 0.3) (end 2.3 1.4) (layer F.SilkS) (width 0.15))
    (fp_line (start 2.3 1.4) (end -1.75 1.4) (layer F.SilkS) (width 0.15))
    (fp_line (start -1.75 -1.4) (end 1.75 -1.4) (layer F.SilkS) (width 0.15))
    (pad 4 smd rect (at 1.4 -0.725) (size 1.2 0.9) (layers F.Cu F.Paste F.Mask)
      (net 4 /CS1))
    (pad 3 smd rect (at -1.4 -0.725) (size 1.2 0.9) (layers F.Cu F.Paste F.Mask)
      (net 5 /SW12))
    (pad 2 smd rect (at -1.4 0.725) (size 1.2 0.9) (layers F.Cu F.Paste F.Mask)
      (net 6 /SW10))
    (pad 1 smd rect (at 1.4 0.725) (size 1.2 0.9) (layers F.Cu F.Paste F.Mask)
      (net 7 /SW11))
  )

  (module is31fl3736_dev:LED_RGB_4-PLCC (layer F.Cu) (tedit 5E0A41AA) (tstamp 5E0AAC36)
    (at 137.4 122.8)
    (path /5E0A8588)
    (fp_text reference D2 (at 0 2.7) (layer F.SilkS)
      (effects (font (size 0.5 0.5) (thickness 0.01)))
    )
    (fp_text value LED_RGBA (at 0 -2.8) (layer F.Fab)
      (effects (font (size 0.5 0.5) (thickness 0.01)))
    )
    (fp_line (start -1.75 -1.4) (end 1.75 -1.4) (layer F.SilkS) (width 0.15))
    (fp_line (start 2.3 1.4) (end -1.75 1.4) (layer F.SilkS) (width 0.15))
    (fp_line (start 2.3 0.3) (end 2.3 1.4) (layer F.SilkS) (width 0.15))
    (pad 1 smd rect (at 1.4 0.725) (size 1.2 0.9) (layers F.Cu F.Paste F.Mask)
      (net 8 /SW8))
    (pad 2 smd rect (at -1.4 0.725) (size 1.2 0.9) (layers F.Cu F.Paste F.Mask)
      (net 9 /SW7))
    (pad 3 smd rect (at -1.4 -0.725) (size 1.2 0.9) (layers F.Cu F.Paste F.Mask)
      (net 10 /SW9))
    (pad 4 smd rect (at 1.4 -0.725) (size 1.2 0.9) (layers F.Cu F.Paste F.Mask)
      (net 4 /CS1))
  )

  (module is31fl3736_dev:LED_RGB_4-PLCC (layer F.Cu) (tedit 5E0A41AA) (tstamp 5E0AAC41)
    (at 137.4 128.3)
    (path /5E0AF8CD)
    (fp_text reference D3 (at 0 2.7) (layer F.SilkS)
      (effects (font (size 0.5 0.5) (thickness 0.01)))
    )
    (fp_text value LED_RGBA (at 0 -2.8) (layer F.Fab)
      (effects (font (size 0.5 0.5) (thickness 0.01)))
    )
    (fp_line (start 2.3 0.3) (end 2.3 1.4) (layer F.SilkS) (width 0.15))
    (fp_line (start 2.3 1.4) (end -1.75 1.4) (layer F.SilkS) (width 0.15))
    (fp_line (start -1.75 -1.4) (end 1.75 -1.4) (layer F.SilkS) (width 0.15))
    (pad 4 smd rect (at 1.4 -0.725) (size 1.2 0.9) (layers F.Cu F.Paste F.Mask)
      (net 4 /CS1))
    (pad 3 smd rect (at -1.4 -0.725) (size 1.2 0.9) (layers F.Cu F.Paste F.Mask)
      (net 11 /SW6))
    (pad 2 smd rect (at -1.4 0.725) (size 1.2 0.9) (layers F.Cu F.Paste F.Mask)
      (net 12 /SW4))
    (pad 1 smd rect (at 1.4 0.725) (size 1.2 0.9) (layers F.Cu F.Paste F.Mask)
      (net 13 /SW5))
  )

  (module is31fl3736_dev:LED_RGB_4-PLCC (layer F.Cu) (tedit 5E0A41AA) (tstamp 5E0AAC4C)
    (at 137.4 133.8)
    (path /5E0AF8D7)
    (fp_text reference D4 (at 0 2.7) (layer F.SilkS)
      (effects (font (size 0.5 0.5) (thickness 0.01)))
    )
    (fp_text value LED_RGBA (at 0 -2.8) (layer F.Fab)
      (effects (font (size 0.5 0.5) (thickness 0.01)))
    )
    (fp_line (start 2.3 0.3) (end 2.3 1.4) (layer F.SilkS) (width 0.15))
    (fp_line (start 2.3 1.4) (end -1.75 1.4) (layer F.SilkS) (width 0.15))
    (fp_line (start -1.75 -1.4) (end 1.75 -1.4) (layer F.SilkS) (width 0.15))
    (pad 4 smd rect (at 1.4 -0.725) (size 1.2 0.9) (layers F.Cu F.Paste F.Mask)
      (net 4 /CS1))
    (pad 3 smd rect (at -1.4 -0.725) (size 1.2 0.9) (layers F.Cu F.Paste F.Mask)
      (net 14 /SW3))
    (pad 2 smd rect (at -1.4 0.725) (size 1.2 0.9) (layers F.Cu F.Paste F.Mask)
      (net 15 /SW1))
    (pad 1 smd rect (at 1.4 0.725) (size 1.2 0.9) (layers F.Cu F.Paste F.Mask)
      (net 16 /SW2))
  )

  (module is31fl3736_dev:LED_RGB_4-PLCC (layer F.Cu) (tedit 5E0A41AA) (tstamp 5E0AAC57)
    (at 144.542857 117.3)
    (path /5E0C1EB9)
    (fp_text reference D5 (at 0 2.7) (layer F.SilkS)
      (effects (font (size 0.5 0.5) (thickness 0.01)))
    )
    (fp_text value LED_RGBA (at 0 -2.8) (layer F.Fab)
      (effects (font (size 0.5 0.5) (thickness 0.01)))
    )
    (fp_line (start 2.3 0.3) (end 2.3 1.4) (layer F.SilkS) (width 0.15))
    (fp_line (start 2.3 1.4) (end -1.75 1.4) (layer F.SilkS) (width 0.15))
    (fp_line (start -1.75 -1.4) (end 1.75 -1.4) (layer F.SilkS) (width 0.15))
    (pad 4 smd rect (at 1.4 -0.725) (size 1.2 0.9) (layers F.Cu F.Paste F.Mask)
      (net 17 /CS2))
    (pad 3 smd rect (at -1.4 -0.725) (size 1.2 0.9) (layers F.Cu F.Paste F.Mask)
      (net 5 /SW12))
    (pad 2 smd rect (at -1.4 0.725) (size 1.2 0.9) (layers F.Cu F.Paste F.Mask)
      (net 6 /SW10))
    (pad 1 smd rect (at 1.4 0.725) (size 1.2 0.9) (layers F.Cu F.Paste F.Mask)
      (net 7 /SW11))
  )

  (module is31fl3736_dev:LED_RGB_4-PLCC (layer F.Cu) (tedit 5E0A41AA) (tstamp 5E0B04D3)
    (at 144.542857 122.8)
    (path /5E0C1EC3)
    (fp_text reference D6 (at 0 2.7) (layer F.SilkS)
      (effects (font (size 0.5 0.5) (thickness 0.01)))
    )
    (fp_text value LED_RGBA (at 0 -2.8) (layer F.Fab)
      (effects (font (size 0.5 0.5) (thickness 0.01)))
    )
    (fp_line (start -1.75 -1.4) (end 1.75 -1.4) (layer F.SilkS) (width 0.15))
    (fp_line (start 2.3 1.4) (end -1.75 1.4) (layer F.SilkS) (width 0.15))
    (fp_line (start 2.3 0.3) (end 2.3 1.4) (layer F.SilkS) (width 0.15))
    (pad 1 smd rect (at 1.4 0.725) (size 1.2 0.9) (layers F.Cu F.Paste F.Mask)
      (net 8 /SW8))
    (pad 2 smd rect (at -1.4 0.725) (size 1.2 0.9) (layers F.Cu F.Paste F.Mask)
      (net 9 /SW7))
    (pad 3 smd rect (at -1.4 -0.725) (size 1.2 0.9) (layers F.Cu F.Paste F.Mask)
      (net 10 /SW9))
    (pad 4 smd rect (at 1.4 -0.725) (size 1.2 0.9) (layers F.Cu F.Paste F.Mask)
      (net 17 /CS2))
  )

  (module is31fl3736_dev:LED_RGB_4-PLCC (layer F.Cu) (tedit 5E0A41AA) (tstamp 5E0AAC6D)
    (at 144.542857 128.3)
    (path /5E0C1ECD)
    (fp_text reference D7 (at 0 2.7) (layer F.SilkS)
      (effects (font (size 0.5 0.5) (thickness 0.01)))
    )
    (fp_text value LED_RGBA (at 0 -2.8) (layer F.Fab)
      (effects (font (size 0.5 0.5) (thickness 0.01)))
    )
    (fp_line (start 2.3 0.3) (end 2.3 1.4) (layer F.SilkS) (width 0.15))
    (fp_line (start 2.3 1.4) (end -1.75 1.4) (layer F.SilkS) (width 0.15))
    (fp_line (start -1.75 -1.4) (end 1.75 -1.4) (layer F.SilkS) (width 0.15))
    (pad 4 smd rect (at 1.4 -0.725) (size 1.2 0.9) (layers F.Cu F.Paste F.Mask)
      (net 17 /CS2))
    (pad 3 smd rect (at -1.4 -0.725) (size 1.2 0.9) (layers F.Cu F.Paste F.Mask)
      (net 11 /SW6))
    (pad 2 smd rect (at -1.4 0.725) (size 1.2 0.9) (layers F.Cu F.Paste F.Mask)
      (net 12 /SW4))
    (pad 1 smd rect (at 1.4 0.725) (size 1.2 0.9) (layers F.Cu F.Paste F.Mask)
      (net 13 /SW5))
  )

  (module is31fl3736_dev:LED_RGB_4-PLCC (layer F.Cu) (tedit 5E0A41AA) (tstamp 5E0B0640)
    (at 144.542857 133.8)
    (path /5E0C1ED7)
    (fp_text reference D8 (at 0 2.7) (layer F.SilkS)
      (effects (font (size 0.5 0.5) (thickness 0.01)))
    )
    (fp_text value LED_RGBA (at 0 -2.8) (layer F.Fab)
      (effects (font (size 0.5 0.5) (thickness 0.01)))
    )
    (fp_line (start -1.75 -1.4) (end 1.75 -1.4) (layer F.SilkS) (width 0.15))
    (fp_line (start 2.3 1.4) (end -1.75 1.4) (layer F.SilkS) (width 0.15))
    (fp_line (start 2.3 0.3) (end 2.3 1.4) (layer F.SilkS) (width 0.15))
    (pad 1 smd rect (at 1.4 0.725) (size 1.2 0.9) (layers F.Cu F.Paste F.Mask)
      (net 16 /SW2))
    (pad 2 smd rect (at -1.4 0.725) (size 1.2 0.9) (layers F.Cu F.Paste F.Mask)
      (net 15 /SW1))
    (pad 3 smd rect (at -1.4 -0.725) (size 1.2 0.9) (layers F.Cu F.Paste F.Mask)
      (net 14 /SW3))
    (pad 4 smd rect (at 1.4 -0.725) (size 1.2 0.9) (layers F.Cu F.Paste F.Mask)
      (net 17 /CS2))
  )

  (module is31fl3736_dev:LED_RGB_4-PLCC (layer F.Cu) (tedit 5E0A41AA) (tstamp 5E0AAC83)
    (at 151.685714 117.3)
    (path /5E27EDE8)
    (fp_text reference D9 (at 0 2.7) (layer F.SilkS)
      (effects (font (size 0.5 0.5) (thickness 0.01)))
    )
    (fp_text value LED_RGBA (at 0 -2.8) (layer F.Fab)
      (effects (font (size 0.5 0.5) (thickness 0.01)))
    )
    (fp_line (start 2.3 0.3) (end 2.3 1.4) (layer F.SilkS) (width 0.15))
    (fp_line (start 2.3 1.4) (end -1.75 1.4) (layer F.SilkS) (width 0.15))
    (fp_line (start -1.75 -1.4) (end 1.75 -1.4) (layer F.SilkS) (width 0.15))
    (pad 4 smd rect (at 1.4 -0.725) (size 1.2 0.9) (layers F.Cu F.Paste F.Mask)
      (net 18 /CS3))
    (pad 3 smd rect (at -1.4 -0.725) (size 1.2 0.9) (layers F.Cu F.Paste F.Mask)
      (net 5 /SW12))
    (pad 2 smd rect (at -1.4 0.725) (size 1.2 0.9) (layers F.Cu F.Paste F.Mask)
      (net 6 /SW10))
    (pad 1 smd rect (at 1.4 0.725) (size 1.2 0.9) (layers F.Cu F.Paste F.Mask)
      (net 7 /SW11))
  )

  (module is31fl3736_dev:LED_RGB_4-PLCC (layer F.Cu) (tedit 5E0A41AA) (tstamp 5E0AAC8E)
    (at 151.685714 122.8)
    (path /5E27EDF2)
    (fp_text reference D10 (at 0 2.7) (layer F.SilkS)
      (effects (font (size 0.5 0.5) (thickness 0.01)))
    )
    (fp_text value LED_RGBA (at 0 -2.8) (layer F.Fab)
      (effects (font (size 0.5 0.5) (thickness 0.01)))
    )
    (fp_line (start -1.75 -1.4) (end 1.75 -1.4) (layer F.SilkS) (width 0.15))
    (fp_line (start 2.3 1.4) (end -1.75 1.4) (layer F.SilkS) (width 0.15))
    (fp_line (start 2.3 0.3) (end 2.3 1.4) (layer F.SilkS) (width 0.15))
    (pad 1 smd rect (at 1.4 0.725) (size 1.2 0.9) (layers F.Cu F.Paste F.Mask)
      (net 8 /SW8))
    (pad 2 smd rect (at -1.4 0.725) (size 1.2 0.9) (layers F.Cu F.Paste F.Mask)
      (net 9 /SW7))
